+------------+--------------+--------------------+
|   Expected |   Calculated |   Error percentage |
+============+==============+====================+
|   18223.5  |     21353.2  |            85.3428 |
+------------+--------------+--------------------+
|    5116.5  |      7865.2  |            65.0524 |
+------------+--------------+--------------------+
|   36910.6  |     14285.2  |           258.384  |
+------------+--------------+--------------------+
|   38415.5  |     25137.1  |           152.824  |
+------------+--------------+--------------------+
|   20296.9  |     25718.8  |            78.9185 |
+------------+--------------+--------------------+
|   12347.2  |     14381    |            85.8575 |
+------------+--------------+--------------------+
|    5373.36 |      9904.4  |            54.2523 |
+------------+--------------+--------------------+
|   23563    |     10650.6  |           221.237  |
+------------+--------------+--------------------+
|    1702.46 |      5172.79 |            32.9117 |
+------------+--------------+--------------------+
|   10806.8  |     12620    |            85.6323 |
+------------+--------------+--------------------+
|    3956.07 |      8058.57 |            49.0915 |
+------------+--------------+--------------------+
|   12890.1  |      7659.33 |           168.292  |
+------------+--------------+--------------------+
|    5415.66 |      9073.69 |            59.6853 |
+------------+--------------+--------------------+
|    4058.12 |      9022.29 |            44.9788 |
+------------+--------------+--------------------+
|   41661.6  |     27095.7  |           153.757  |
+------------+--------------+--------------------+
|    7537.16 |     10711.7  |            70.3637 |
+------------+--------------+--------------------+
|    4718.2  |      7960.07 |            59.2734 |
+------------+--------------+--------------------+
|    6593.51 |      9573.51 |            68.8724 |
+------------+--------------+--------------------+
|    8442.67 |     11181.8  |            75.5034 |
+------------+--------------+--------------------+
|   26125.7  |     20593.3  |           126.865  |
+------------+--------------+--------------------+
|    6858.48 |     10555.6  |            64.9751 |
+------------+--------------+--------------------+
|    4795.66 |      9921.7  |            48.3351 |
+------------+--------------+--------------------+
|    6640.54 |      9187.41 |            72.2787 |
+------------+--------------+--------------------+
|    7162.01 |     11707.2  |            61.1764 |
+------------+--------------+--------------------+
|   10594.2  |     13712.9  |            77.2572 |
+------------+--------------+--------------------+
|   11938.3  |     14724.8  |            81.0758 |
+------------+--------------+--------------------+
|   60021.4  |     30047.9  |           199.753  |
+------------+--------------+--------------------+
|   20167.3  |     19636.1  |           102.705  |
+------------+--------------+--------------------+
|   12479.7  |     13246.5  |            94.2115 |
+------------+--------------+--------------------+
|   11345.5  |     11973.7  |            94.7537 |
+------------+--------------+--------------------+
|    8515.76 |     10984.7  |            77.5236 |
+------------+--------------+--------------------+
|    2699.57 |      7596.3  |            35.5379 |
+------------+--------------+--------------------+
|   14449.9  |     14517    |            99.5372 |
+------------+--------------+--------------------+
|   12224.4  |     13812.4  |            88.5027 |
+------------+--------------+--------------------+
|    6985.51 |     10066.2  |            69.3958 |
+------------+--------------+--------------------+
|    3238.44 |      8585.01 |            37.722  |
+------------+--------------+--------------------+
|   47269.9  |     30231.1  |           156.362  |
+------------+--------------+--------------------+
|   49577.7  |     32042.7  |           154.724  |
+------------+--------------+--------------------+
|    4296.27 |      6131.58 |            70.0679 |
+------------+--------------+--------------------+
|    3171.61 |      7681.22 |            41.2905 |
+------------+--------------+--------------------+
|    1135.94 |      5664.83 |            20.0525 |
+------------+--------------+--------------------+
|    5615.37 |      7171.1  |            78.3056 |
+------------+--------------+--------------------+
|    9101.8  |     10354.2  |            87.9045 |
+------------+--------------+--------------------+
|    6059.17 |      8669.72 |            69.8889 |
+------------+--------------+--------------------+
|    1633.96 |      6548.26 |            24.9526 |
+------------+--------------+--------------------+
|   37607.5  |     25846.3  |           145.504  |
+------------+--------------+--------------------+
|   18648.4  |     23392.2  |            79.7207 |
+------------+--------------+--------------------+
|    1241.57 |      3380.14 |            36.7312 |
+------------+--------------+--------------------+
|   16232.8  |     20439.9  |            79.4174 |
+------------+--------------+--------------------+
|   15828.8  |     10079.8  |           157.034  |
+------------+--------------+--------------------+
|    4415.16 |      8169.04 |            54.0474 |
+------------+--------------+--------------------+
|    6474.01 |     10674.9  |            60.6472 |
+------------+--------------+--------------------+
|   11436.7  |     14281    |            80.0835 |
+------------+--------------+--------------------+
|   11305.9  |     13159    |            85.9181 |
+------------+--------------+--------------------+
|   30063.6  |     15328.9  |           196.124  |
+------------+--------------+--------------------+
|   10197.8  |     12446    |            81.936  |
+------------+--------------+--------------------+
|    4544.23 |      7917.33 |            57.3961 |
+------------+--------------+--------------------+
|    3277.16 |      7941.72 |            41.2651 |
+------------+--------------+--------------------+
|    6770.19 |      9927.16 |            68.1987 |
+------------+--------------+--------------------+
|    7337.75 |     10014.5  |            73.2714 |
+------------+--------------+--------------------+
|   10370.9  |     13768.6  |            75.323  |
+------------+--------------+--------------------+
|   26926.5  |     29669.8  |            90.7538 |
+------------+--------------+--------------------+
|   10704.5  |     12333.9  |            86.7891 |
+------------+--------------+--------------------+
|   34254.1  |     23566    |           145.354  |
+------------+--------------+--------------------+
|    1880.49 |      5457.75 |            34.4554 |
+------------+--------------+--------------------+
|    8615.3  |     10637.3  |            80.9912 |
+------------+--------------+--------------------+
|    3292.53 |      8255    |            39.8853 |
+------------+--------------+--------------------+
|    3021.81 |      7840.01 |            38.5435 |
+------------+--------------+--------------------+
|   14478.3  |     11047    |           131.061  |
+------------+--------------+--------------------+
|    4747.05 |      8648.77 |            54.887  |
+------------+--------------+--------------------+
|   17043.3  |     22240.9  |            76.6306 |
+------------+--------------+--------------------+
|   10959.3  |     11822.3  |            92.7008 |
+------------+--------------+--------------------+
|    2741.95 |      7230.46 |            37.9222 |
+------------+--------------+--------------------+
|    4357.04 |      8625.61 |            50.5128 |
+------------+--------------+--------------------+
|   22462    |     26779    |            83.8794 |
+------------+--------------+--------------------+
|    4189.11 |      7272.46 |            57.6024 |
+------------+--------------+--------------------+
|    8283.68 |     11866.5  |            69.807  |
+------------+--------------+--------------------+
|   24535.7  |     27759.2  |            88.3875 |
+------------+--------------+--------------------+
|   14283.5  |     20966.3  |            68.1257 |
+------------+--------------+--------------------+
|    1720.35 |      5458.1  |            31.5193 |
+------------+--------------+--------------------+
|   47403.9  |     30480.5  |           155.522  |
+------------+--------------+--------------------+
|    8534.67 |     11567.8  |            73.7792 |
+------------+--------------+--------------------+
|    3732.63 |      6631.93 |            56.2827 |
+------------+--------------+--------------------+
|    5472.45 |      7997.56 |            68.4265 |
+------------+--------------+--------------------+
|   38344.6  |     22657.9  |           169.232  |
+------------+--------------+--------------------+
|    7147.47 |     11462.5  |            62.3554 |
+------------+--------------+--------------------+
|    7133.9  |      9598.73 |            74.3213 |
+------------+--------------+--------------------+
|   34828.7  |     21301.7  |           163.502  |
+------------+--------------+--------------------+
|    1515.34 |      4863.89 |            31.155  |
+------------+--------------+--------------------+
|    9301.89 |     11775    |            78.997  |
+------------+--------------+--------------------+
|   11931.1  |     14002.9  |            85.2046 |
+------------+--------------+--------------------+
|    1964.78 |      4155.09 |            47.2861 |
+------------+--------------+--------------------+
|    1708.93 |      5827.85 |            29.3235 |
+------------+--------------+--------------------+
|    4340.44 |      7267.76 |            59.7219 |
+------------+--------------+--------------------+
|    5261.47 |      9057.63 |            58.0888 |
+------------+--------------+--------------------+
|    2710.83 |      5621.44 |            48.223  |
+------------+--------------+--------------------+
|   62592.9  |     26651.9  |           234.853  |
+------------+--------------+--------------------+
|   46718.2  |     31617    |           147.763  |
+------------+--------------+--------------------+
|    3208.79 |      4994.98 |            64.2402 |
+------------+--------------+--------------------+
|   37829.7  |     25287.8  |           149.597  |
+------------+--------------+--------------------+
|   21259.4  |     26911.2  |            78.9984 |
+------------+--------------+--------------------+
|    2464.62 |      6091.86 |            40.4576 |
+------------+--------------+--------------------+
|   16115.3  |     23278    |            69.2298 |
+------------+--------------+--------------------+
|   21472.5  |     25255.4  |            85.0212 |
+------------+--------------+--------------------+
|   33900.7  |     21856.8  |           155.104  |
+------------+--------------+--------------------+
|    6875.96 |     10210.2  |            67.3441 |
+------------+--------------+--------------------+
|    6940.91 |     10509    |            66.0471 |
+------------+--------------+--------------------+
|    4571.41 |      8405.54 |            54.3857 |
+------------+--------------+--------------------+
|    4536.26 |     10004.2  |            45.3435 |
+------------+--------------+--------------------+
|   36397.6  |     21759    |           167.276  |
+------------+--------------+--------------------+
|   18765.9  |     23924.2  |            78.4389 |
+------------+--------------+--------------------+
|   11272.3  |      6392.97 |           176.324  |
+------------+--------------+--------------------+
|    1731.68 |      3462.87 |            50.0069 |
+------------+--------------+--------------------+
|    1163.46 |      8451.1  |            13.767  |
+------------+--------------+--------------------+
|   19496.7  |     12301.4  |           158.492  |
+------------+--------------+--------------------+
|    7201.7  |     10113.7  |            71.2075 |
+------------+--------------+--------------------+
|    5425.02 |      9407.84 |            57.6649 |
+------------+--------------+--------------------+
|   28101.3  |     30844.3  |            91.107  |
+------------+--------------+--------------------+
|   12981.3  |     15578.4  |            83.329  |
+------------+--------------+--------------------+
|   43896.4  |     27922.9  |           157.206  |
+------------+--------------+--------------------+
|    4239.89 |      8170.65 |            51.8918 |
+------------+--------------+--------------------+
|   13143.3  |     15802.5  |            83.1725 |
+------------+--------------+--------------------+
|    7050.02 |     11732.4  |            60.0901 |
+------------+--------------+--------------------+
|    9377.9  |     12312.8  |            76.1638 |
+------------+--------------+--------------------+
|   22395.7  |      7084.53 |           316.122  |
+------------+--------------+--------------------+
|   10325.2  |     13395.7  |            77.0785 |
+------------+--------------+--------------------+
|   12629.2  |     13183.2  |            95.7971 |
+------------+--------------+--------------------+
|   10795.9  |      6094.97 |           177.129  |
+------------+--------------+--------------------+
|   11411.7  |     14481.9  |            78.7996 |
+------------+--------------+--------------------+
|   10600.5  |     13341.1  |            79.4576 |
+------------+--------------+--------------------+
|    2205.98 |      6613.48 |            33.3558 |
+------------+--------------+--------------------+
|    1629.83 |      6130.32 |            26.5864 |
+------------+--------------+--------------------+
|    2007.94 |      4610.06 |            43.5557 |
+------------+--------------+--------------------+
|   29141.4  |     30352.5  |            96.0097 |
+------------+--------------+--------------------+